P1		P2		P3		P4		P5		P6		P7		P8		P9		P10		P11
min	max   |	min	max   |	min	max   |	min	max   |	min	max   |	min	max   |	min	max   |	min	max   |	min	max   |	min	max   |	min	max
1.000	2.000	3.000	4.000	5.000	0.000	0.000	0.000	0.000	0.000	0.000	0.000	0.000	0.000	0.000	0.000	0.000	0.000	54.000	45.000	33.000	450.000
0.000	250.000	0.000	50.000	0.000	50.000	0.000	50.000	0.000	50.000	0.000	50.000	0.000	50.000	0.000	50.000	0.000	50.000	0.000	50.000	0.000	600.000
0.000	250.000	0.000	50.000	0.000	50.000	0.000	50.000	0.000	50.000	0.000	50.000	0.000	50.000	0.000	50.000	0.000	50.000	0.000	50.000	0.000	600.000
0.000	250.000	0.000	50.000	0.000	50.000	0.000	50.000	0.000	50.000	0.000	50.000	0.000	50.000	0.000	50.000	0.000	50.000	0.000	50.000	0.000	600.000
0.000	1.000	0.000	5.000	0.000	1.000	0.000	5.000	0.000	1.000	0.000	50.000	0.000	50.000	0.000	50.000	0.000	50.000	0.000	50.000	0.000	3.000
1.000	1.000	2.000	5.000	3.000	1.000	4.000	5.000	5.000	1.000	6.000	50.000	7.000	50.000	8.000	50.000	9.000	50.000	10.000	50.000	11.000	3.000
0.000	50.000	0.000	50.000	0.000	50.000	0.000	50.000	0.000	50.000	0.000	50.000	0.000	50.000	0.000	50.000	0.000	50.000	0.000	50.000	0.000	600.000
0.000	50.000	0.000	50.000	0.000	50.000	0.000	50.000	0.000	50.000	0.000	50.000	0.000	50.000	0.000	50.000	0.000	50.000	0.000	50.000	0.000	600.000
-50.000	50.000	-50.000	50.000	-50.000	50.000	-50.000	50.000	-50.000	50.000	-50.000	50.000	-50.000	50.000	-50.000	50.000	-50.000	50.000	-50.000	50.000	-50.000	50.000
